6150 20 0
23726 20 2
10406 20 1
3440 20 2
5272 20 1
32836 20 4
4347 20 3
737 20 2
17866 20 1
20163 20 0
5892 20 1
15216 20 3
2314 20 2
26112 20 4
17480 20 4
29148 20 1
31767 20 3
18118 20 4
15586 20 1
28698 20 3
25992 110 4
33107 110 2
20482 110 4
9168 110 1
27974 110 3
12761 110 0
22635 110 2
733 110 1
9485 110 2
19709 110 3
27891 110 0
16335 110 4
24815 110 0
15451 110 1
24838 110 3
20074 110 3
24529 110 4
19201 110 0
5411 110 1
14376 110 3
17389 200 4
25071 200 3
5982 200 3
16563 200 2
23374 200 1
5278 200 0
5084 200 3
23149 200 0
14422 200 1
32118 200 1
5466 200 0
27369 200 2
6715 200 4
27222 200 3
5542 200 2
24431 200 0
9606 200 1
22800 200 2
24100 200 4
4476 200 2
27795 290 0
17386 290 4
14411 290 0
31552 290 1
18452 290 2
15902 290 2
28198 290 3
15390 290 4
32654 290 3
24666 290 3
6867 290 1
27951 290 0
16858 290 3
1345 290 1
19207 290 0
17855 290 4
28069 290 2
21993 290 3
28040 290 1
4047 290 0
10736 380 1
9819 380 0
5041 380 1
27793 380 4
20113 380 4
8726 380 4
498 380 4
26863 380 3
7345 380 3
18572 380 2
4173 380 3
25093 380 3
18252 380 1
14755 380 2
23258 380 4
14754 380 1
19380 380 1
21045 380 4
16964 380 1
23243 380 3
6669 470 3
6289 470 4
15434 470 2
3640 470 0
3538 470 3
30968 470 2
29759 470 3
7893 470 0
13903 470 3
21025 470 1
15243 470 1
20034 470 3
28454 470 2
20917 470 2
18983 470 2
6483 470 4
18635 470 2
8403 470 1
20260 470 3
19601 470 1
