16988 20 0 0
27148 20 0 0
24630 20 0 0
10807 20 0 0
5861 20 0 0
18647 20 0 0
5788 20 0 0
29403 20 0 0
26507 20 0 0
22211 20 0 0
30931 20 0 0
17065 20 0 0
20652 20 0 0
29072 20 0 0
18900 20 0 0
5099 20 0 0
2618 20 0 0
24432 20 0 0
7915 20 0 0
12830 20 0 0
26940 20 0 0
5260 20 0 0
18744 20 0 0
10100 20 0 0
12619 20 0 0
18559 20 0 0
3888 20 0 0
31313 20 0 0
13847 20 0 0
23511 20 0 0
13850 20 0 0
15056 20 0 0
19682 20 0 0
3481 20 0 0
23444 20 0 0
24637 20 0 0
3586 20 0 0
32956 20 0 0
7950 20 0 0
30363 20 0 0
26209 20 0 0
4523 20 0 0
6988 20 0 0
7197 20 0 0
30974 20 0 0
31686 20 0 0
12263 20 0 0
20143 20 0 0
20587 20 0 0
20191 20 0 0
6858 20 0 0
2412 20 0 0
24655 20 0 0
13503 20 0 0
25015 20 0 0
12839 20 0 0
22243 20 0 0
1697 20 0 0
3009 20 0 0
22245 20 0 0
15991 20 0 0
12979 20 0 0
10962 20 0 0
15199 20 0 0
28397 20 0 0
29082 20 0 0
13604 20 0 0
13955 20 0 0
20283 20 0 0
19437 20 0 0
11978 20 0 0
24561 20 0 0
26347 20 0 0
28599 20 0 0
8999 20 0 0
3456 20 0 0
16284 20 0 0
22007 20 0 0
28275 20 0 0
8377 20 0 0
5761 20 0 0
14370 20 0 0
22331 20 0 0
9305 20 0 0
24031 20 0 0
21918 20 0 0
30687 20 0 0
14801 20 0 0
3729 20 0 0
2374 20 0 0
30740 20 0 0
22216 20 0 0
18821 20 0 0
12010 20 0 0
5730 20 0 0
21141 20 0 0
18750 20 0 0
22734 20 0 0
33190 20 0 0
17351 20 0 0
9042 20 0 0
21801 20 0 0
33423 20 0 0
11679 20 0 0
23019 20 0 0
934 20 1 0
29986 20 0 0
32147 20 0 0
15688 20 0 0
31460 20 0 0
4664 20 0 0
22731 20 0 0
7484 20 0 0
32247 20 0 0
2301 20 0 0
14757 20 0 0
19116 20 0 0
16871 20 0 0
26737 20 0 0
23859 20 0 0
26899 20 0 0
814 20 1 0
22760 20 0 0
32954 20 0 0
4095 20 0 0
27453 20 0 0
9612 20 0 0
28467 20 0 0
15507 20 0 0
17910 20 0 0
5592 20 0 0
24267 20 0 0
4870 20 0 0
1840 20 0 0
5917 20 0 0
7781 20 0 0
28704 20 0 0
8248 20 0 0
13823 20 0 0
4884 20 0 0
19138 20 0 0
9548 20 0 0
26614 20 0 0
1444 20 1 0
25948 20 0 0
17184 20 0 0
9424 20 0 0
16401 20 0 0
20343 20 0 0
1116 20 1 0
20523 20 0 0
31500 20 0 0
14123 20 0 0
26394 20 0 0
29438 20 0 0
7035 20 0 0
2727 20 0 0
17002 20 0 0
17679 20 0 0
16375 20 0 0
27054 20 0 0
31696 20 0 0
1660 20 0 0
7758 20 0 0
26391 20 0 0
3267 20 0 0
10548 20 0 0
12545 20 0 0
6731 20 0 0
22573 20 0 0
19069 20 0 0
13509 20 0 0
32968 20 0 0
20463 20 0 0
31854 20 0 0
30212 20 0 0
12194 20 0 0
27229 20 0 0
24436 20 0 0
28251 20 0 0
21758 20 0 0
26556 20 0 0
3023 20 0 0
12828 20 0 0
2456 20 0 0
26569 20 0 0
19220 20 0 0
11724 20 0 0
29244 20 0 0
20275 20 0 0
8619 20 0 0
13219 20 0 0
12623 20 0 0
32030 20 0 0
10321 20 0 0
22801 20 0 0
10309 20 0 0
20640 20 0 0
13717 20 0 0
9269 20 0 0
2346 20 0 0
32326 20 0 0
22364 20 0 0
2406 20 0 0
14364 20 0 0
13710 20 0 0
7263 20 0 0
14508 20 0 0
31949 20 0 0
5740 20 0 0
11690 20 0 0
15173 20 0 0
1027 20 1 0
30407 20 0 0
14365 20 0 0
24867 20 0 0
12570 20 0 0
30715 20 0 0
9708 20 0 0
32363 20 0 0
16255 20 0 0
27735 20 0 0
10273 20 0 0
30966 20 0 0
13364 20 0 0
3231 20 0 0
4119 20 0 0
9682 20 0 0
8017 20 0 0
32137 20 0 0
30975 20 0 0
30400 20 0 0
11647 20 0 0
9538 20 0 0
16733 20 0 0
30645 20 0 0
2429 20 0 0
20712 20 0 0
21641 20 0 0
7259 20 0 0
3485 20 0 0
10767 20 0 0
17457 20 0 0
23951 20 0 0
17734 20 0 0
31806 20 0 0
12755 20 0 0
9954 20 0 0
15985 20 0 0
19057 20 0 0
2117 20 0 0
5146 20 0 0
11054 20 0 0
13463 20 0 0
1328 20 1 0
32433 20 0 0
21279 20 0 0
11539 20 0 0
4750 20 0 0
23379 20 0 0
21754 20 0 0
32317 20 0 0
28722 20 0 0
26466 20 0 0
14345 20 0 0
8161 20 0 0
11583 20 0 0
9844 20 0 0
19883 20 0 0
23741 20 0 0
29101 20 0 0
12241 20 0 0
25298 20 0 0
18436 20 0 0
6089 20 0 0
19447 20 0 0
16773 20 0 0
33504 20 0 0
5555 20 0 0
25112 20 0 0
33374 20 0 0
20969 20 0 0
14048 20 0 0
13721 20 0 0
11787 20 0 0
33457 20 0 0
9624 20 0 0
29587 20 0 0
11983 20 0 0
8507 20 0 0
17527 20 0 0
4179 20 0 0
4608 20 0 0
32125 20 0 0
22510 20 0 0
29916 20 0 0
6536 20 0 0
32995 20 0 0
32706 20 0 0
31842 20 0 0
7527 20 0 0
21453 20 0 0
32905 20 0 0
16846 20 0 0
15661 20 0 0
21262 20 0 0
23858 20 0 0
15679 20 0 0
24962 20 0 0
21869 20 0 0
16508 20 0 0
12677 20 0 0
3488 20 0 0
16677 20 0 0
13948 20 0 0
27046 20 0 0
32981 20 0 0
29031 20 0 0
13849 20 0 0
18012 20 0 0
10244 20 0 0
27605 20 0 0
31377 20 0 0
7058 20 0 0
24355 20 0 0
26119 20 0 0
11508 20 0 0
24044 20 0 0
33469 20 0 0
6921 20 0 0
23974 20 0 0
8255 20 0 0
20847 20 0 0
28888 20 0 0
19935 20 0 0
24851 20 0 0
7533 20 0 0
28138 20 0 0
2349 20 0 0
10278 20 0 0
19964 20 0 0
32421 20 0 0
20206 20 0 0
29674 20 0 0
12535 20 0 0
2789 20 0 0
19416 20 0 0
30467 20 0 0
7245 20 0 0
23416 20 0 0
9076 20 0 0
9676 20 0 0
24447 20 0 0
20387 20 0 0
18844 20 0 0
5073 20 0 0
1316 20 1 0
25245 20 0 0
11267 20 0 0
8532 20 0 0
25703 20 0 0
33041 20 0 0
11179 20 0 0
30923 20 0 0
33413 20 0 0
11935 20 0 0
26222 20 0 0
23647 20 0 0
17490 20 0 0
31578 20 0 0
20600 20 0 0
17260 20 0 0
28595 20 0 0
18761 20 0 0
7626 20 0 0
18437 20 0 0
32036 20 0 0
25063 20 0 0
31671 20 0 0
25711 20 0 0
14641 20 0 0
23461 20 0 0
6760 20 0 0
32931 20 0 0
13823 20 0 0
20325 20 0 0
1625 20 0 0
20431 20 0 0
3266 20 0 0
24063 20 0 0
20955 20 0 0
32212 20 0 0
28486 20 0 0
1470 20 1 0
3730 20 0 0
11463 20 0 0
2409 20 0 0
18401 20 0 0
5879 20 0 0
17010 20 0 0
3420 110 0 0
5672 110 0 0
2202 110 0 0
6485 110 0 0
11498 110 0 0
15474 110 0 0
11371 110 0 0
24543 110 0 0
17975 110 0 0
11341 110 0 0
18846 110 0 0
26782 110 0 0
13735 110 0 0
16891 110 0 0
12487 110 0 0
25141 110 0 0
21731 110 0 0
28768 110 0 0
2947 110 0 0
22445 110 0 0
30296 110 0 0
28808 110 0 0
8177 110 0 0
26610 110 0 0
28856 110 0 0
33056 110 0 0
9266 110 0 0
3411 110 0 0
14967 110 0 0
13817 110 0 0
8686 110 0 0
29956 110 0 0
5453 110 0 0
22410 110 0 0
27088 110 0 0
26270 110 0 0
18873 110 0 0
21101 110 0 0
5895 110 0 0
15260 110 0 0
29306 110 0 0
14047 110 0 0
8902 110 0 0
26333 110 0 0
22549 110 0 0
18499 110 0 0
1986 110 0 0
3110 110 0 0
23636 110 0 0
7326 110 0 0
30136 110 0 0
10143 110 0 0
30147 110 0 0
19482 110 0 0
5351 110 0 0
17748 110 0 0
15155 110 0 0
12421 110 0 0
22928 110 0 0
18611 110 0 0
32569 110 0 0
13520 110 0 0
26491 110 0 0
17427 110 0 0
31663 110 0 0
13459 110 0 0
1396 110 1 0
24617 110 0 0
3375 110 0 0
27526 110 0 0
8391 110 0 0
21394 110 0 0
32413 110 0 0
29960 110 0 0
24778 110 0 0
27214 110 0 0
25756 110 0 0
23449 110 0 0
19026 110 0 0
7490 110 0 0
2325 110 0 0
14434 110 0 0
29498 110 0 0
14771 110 0 0
26294 110 0 0
25258 110 0 0
17889 110 0 0
6351 110 0 0
13423 110 0 0
12128 110 0 0
21674 110 0 0
26406 110 0 0
33012 110 0 0
16534 110 0 0
15741 110 0 0
31787 110 0 0
24128 110 0 0
25858 110 0 0
7491 110 0 0
16822 110 0 0
7438 110 0 0
1917 110 0 0
4972 110 0 0
11139 110 0 0
6240 110 0 0
11910 110 0 0
21866 110 0 0
16050 110 0 0
4347 110 0 0
3006 110 0 0
21045 110 0 0
10567 110 0 0
6375 110 0 0
7020 110 0 0
26055 110 0 0
27050 110 0 0
3825 110 0 0
21496 110 0 0
7327 110 0 0
1574 110 0 0
10794 110 0 0
25970 110 0 0
1857 110 0 0
21611 110 0 0
5479 110 0 0
2314 110 0 0
7602 110 0 0
20750 110 0 0
6850 110 0 0
24727 110 0 0
13054 110 0 0
1798 110 0 0
24342 110 0 0
26131 110 0 0
30900 110 0 0
1838 110 0 0
11652 110 0 0
27419 110 0 0
4711 110 0 0
28616 110 0 0
21234 110 0 0
10353 110 0 0
14637 110 0 0
1015 110 1 0
2441 110 0 0
23932 110 0 0
28449 110 0 0
21314 110 0 0
29748 110 0 0
32709 110 0 0
17122 110 0 0
28950 110 0 0
10790 110 0 0
31354 110 0 0
8980 110 0 0
15426 110 0 0
21075 110 0 0
32236 110 0 0
16860 110 0 0
13947 110 0 0
20212 110 0 0
24338 110 0 0
2150 110 0 0
27607 110 0 0
30981 110 0 0
1798 110 0 0
6753 110 0 0
27220 110 0 0
27592 110 0 0
29318 110 0 0
27008 110 0 0
18768 110 0 0
24642 110 0 0
16755 110 0 0
22777 110 0 0
16657 110 0 0
6331 110 0 0
22099 110 0 0
28935 110 0 0
21053 110 0 0
23616 110 0 0
1488 110 1 0
8809 110 0 0
32096 110 0 0
33314 110 0 0
22072 110 0 0
6627 110 0 0
2667 110 0 0
3447 110 0 0
20221 110 0 0
9146 110 0 0
24626 110 0 0
22678 110 0 0
22580 110 0 0
7994 110 0 0
27627 110 0 0
20637 110 0 0
10776 110 0 0
33330 110 0 0
6324 110 0 0
16620 110 0 0
19591 110 0 0
27765 110 0 0
22283 110 0 0
11945 110 0 0
9858 110 0 0
19289 110 0 0
13397 110 0 0
17469 110 0 0
7599 110 0 0
3385 110 0 0
33370 110 0 0
19668 110 0 0
17881 110 0 0
25844 110 0 0
3781 110 0 0
16351 110 0 0
8300 110 0 0
7534 110 0 0
27303 110 0 0
23698 110 0 0
27643 110 0 0
32012 110 0 0
16883 110 0 0
21864 110 0 0
956 110 1 0
14651 110 0 0
17153 110 0 0
2973 110 0 0
20233 110 0 0
31208 110 0 0
5646 110 0 0
23217 110 0 0
16607 110 0 0
27910 110 0 0
25784 110 0 0
29674 110 0 0
26464 110 0 0
27149 110 0 0
29060 110 0 0
18896 110 0 0
2898 110 0 0
9591 110 0 0
16217 110 0 0
2992 110 0 0
24480 110 0 0
29764 110 0 0
18692 110 0 0
12571 110 0 0
16599 110 0 0
8053 110 0 0
18613 110 0 0
5479 110 0 0
1192 110 1 0
18323 110 0 0
3967 110 0 0
9003 110 0 0
22890 110 0 0
22567 110 0 0
27866 110 0 0
4037 110 0 0
13719 110 0 0
2881 110 0 0
9762 110 0 0
9942 110 0 0
22348 110 0 0
31988 110 0 0
32279 110 0 0
9666 110 0 0
21452 110 0 0
20182 110 0 0
19548 110 0 0
10034 110 0 0
14076 110 0 0
23426 110 0 0
9467 110 0 0
7828 110 0 0
13030 110 0 0
31256 110 0 0
4062 110 0 0
25496 110 0 0
24375 110 0 0
20921 110 0 0
20565 110 0 0
19891 110 0 0
2243 110 0 0
15630 110 0 0
15509 110 0 0
24478 110 0 0
4351 110 0 0
15808 110 0 0
9524 110 0 0
33493 110 0 0
23940 110 0 0
32767 110 0 0
19632 110 0 0
21275 110 0 0
22416 110 0 0
28158 110 0 0
28392 110 0 0
31218 110 0 0
31622 110 0 0
21363 110 0 0
22687 110 0 0
6693 110 0 0
30827 110 0 0
4377 110 0 0
3839 110 0 0
19265 110 0 0
24425 110 0 0
24624 110 0 0
1809 110 0 0
9493 110 0 0
25423 110 0 0
9721 110 0 0
27975 110 0 0
23352 110 0 0
10253 110 0 0
22333 110 0 0
31989 110 0 0
26753 110 0 0
8761 110 0 0
27589 110 0 0
26577 110 0 0
19086 110 0 0
1679 110 0 0
25057 110 0 0
19833 110 0 0
19776 110 0 0
18794 110 0 0
20964 110 0 0
17131 110 0 0
26171 110 0 0
11855 110 0 0
4516 110 0 0
27149 110 0 0
8297 110 0 0
26465 110 0 0
26620 110 0 0
6437 110 0 0
6006 110 0 0
17643 110 0 0
20556 110 0 0
4703 110 0 0
851 110 1 0
29916 110 0 0
19958 110 0 0
19276 110 0 0
21429 110 0 0
21060 110 0 0
20448 110 0 0
17503 110 0 0
23445 110 0 0
17626 110 0 0
9207 110 0 0
28785 110 0 0
3247 110 0 0
12408 110 0 0
31400 110 0 0
11324 110 0 0
17157 110 0 0
29851 110 0 0
31334 110 0 0
17889 110 0 0
8284 110 0 0
31717 110 0 0
25385 110 0 0
5220 110 0 0
30652 110 0 0
23453 110 0 0
16876 110 0 0
7981 110 0 0
18675 110 0 0
812 110 1 0
13356 110 0 0
21895 110 0 0
19472 110 0 0
31648 110 0 0
15214 110 0 0
22051 110 0 0
3306 110 0 0
14122 110 0 0
8376 110 0 0
18068 110 0 0
5784 110 0 0
28833 110 0 0
26644 110 0 0
15058 110 0 0
12024 110 0 0
6911 110 0 0
21522 110 0 0
11449 110 0 0
8747 110 0 0
24802 110 0 0
31045 110 0 0
905 110 1 0
7701 110 0 0
13322 110 0 0
25027 110 0 0
11110 110 0 0
25058 200 0 0
19661 200 0 0
22667 200 0 0
4343 200 0 0
3386 200 0 0
14187 200 0 0
24968 200 0 0
10618 200 0 0
20762 200 0 0
4220 200 0 0
22504 200 0 0
17473 200 0 0
979 200 1 0
25274 200 0 0
32102 200 0 0
31971 200 0 0
5099 200 0 0
1267 200 1 0
6321 200 0 0
27078 200 0 0
5531 200 0 0
2954 200 0 0
10988 200 0 0
30120 200 0 0
8273 200 0 0
2549 200 0 0
29999 200 0 0
2329 200 0 0
31789 200 0 0
9278 200 0 0
19973 200 0 0
1021 200 1 0
8071 200 0 0
28805 200 0 0
18157 200 0 0
1804 200 0 0
31846 200 0 0
10362 200 0 0
8668 200 0 0
3411 200 0 0
7688 200 0 0
10981 200 0 0
5816 200 0 0
21939 200 0 0
5726 200 0 0
19744 200 0 0
26844 200 0 0
7263 200 0 0
15246 200 0 0
31897 200 0 0
19609 200 0 0
9312 200 0 0
13682 200 0 0
12371 200 0 0
7345 200 0 0
4370 200 0 0
23318 200 0 0
10853 200 0 0
24540 200 0 0
4007 200 0 0
24636 200 0 0
2423 200 0 0
7748 200 0 0
20641 200 0 0
21210 200 0 0
10826 200 0 0
1803 200 0 0
20826 200 0 0
26776 200 0 0
22830 200 0 0
26050 200 0 0
30078 200 0 0
7253 200 0 0
21387 200 0 0
26610 200 0 0
28813 200 0 0
7073 200 0 0
6492 200 0 0
12950 200 0 0
32604 200 0 0
1089 200 1 0
3757 200 0 0
18332 200 0 0
29075 200 0 0
29104 200 0 0
27938 200 0 0
15209 200 0 0
814 200 1 0
23195 200 0 0
1394 200 1 0
14932 200 0 0
1534 200 0 0
15971 200 0 0
20709 200 0 0
24104 200 0 0
23335 200 0 0
8861 200 0 0
21212 200 0 0
21412 200 0 0
15522 200 0 0
24722 200 0 0
19016 200 0 0
20476 200 0 0
22202 200 0 0
17089 200 0 0
13103 200 0 0
22104 200 0 0
12689 200 0 0
29275 200 0 0
6188 200 0 0
19794 200 0 0
27290 200 0 0
13508 200 0 0
13294 200 0 0
25723 200 0 0
15903 200 0 0
30998 200 0 0
25270 200 0 0
18901 200 0 0
24763 200 0 0
13727 200 0 0
25564 200 0 0
12119 200 0 0
10462 200 0 0
5472 200 0 0
27465 200 0 0
8302 200 0 0
2126 200 0 0
30095 200 0 0
33531 200 0 0
10104 200 0 0
21922 200 0 0
13076 200 0 0
15494 200 0 0
17225 200 0 0
26055 200 0 0
18445 200 0 0
12944 200 0 0
11433 200 0 0
30078 200 0 0
14668 200 0 0
23122 200 0 0
27602 200 0 0
25306 200 0 0
21461 200 0 0
9500 200 0 0
15861 200 0 0
14020 200 0 0
14947 200 0 0
29136 200 0 0
19123 200 0 0
32377 200 0 0
17123 200 0 0
20067 200 0 0
10662 200 0 0
29960 200 0 0
9205 200 0 0
2401 200 0 0
14295 200 0 0
31958 200 0 0
29296 200 0 0
4968 200 0 0
15688 200 0 0
26908 200 0 0
28380 200 0 0
12458 200 0 0
25194 200 0 0
5990 200 0 0
8952 200 0 0
31342 200 0 0
30117 200 0 0
22804 200 0 0
20276 200 0 0
12429 200 0 0
32982 200 0 0
11483 200 0 0
10294 200 0 0
23287 200 0 0
11978 200 0 0
18499 200 0 0
25687 200 0 0
15150 200 0 0
32965 200 0 0
28968 200 0 0
6437 200 0 0
3528 200 0 0
21504 200 0 0
10043 200 0 0
26849 200 0 0
7151 200 0 0
14116 200 0 0
7552 200 0 0
32768 200 0 0
7394 200 0 0
4050 200 0 0
975 200 1 0
25260 200 0 0
26483 200 0 0
4126 200 0 0
8278 200 0 0
2626 200 0 0
29577 200 0 0
31757 200 0 0
14612 200 0 0
21204 200 0 0
11166 200 0 0
16156 200 0 0
19805 200 0 0
14502 200 0 0
3648 200 0 0
20922 200 0 0
8026 200 0 0
26035 200 0 0
8082 200 0 0
28363 200 0 0
3464 200 0 0
3879 200 0 0
10954 200 0 0
6437 200 0 0
15415 200 0 0
8932 200 0 0
21426 200 0 0
28948 200 0 0
3851 200 0 0
17664 200 0 0
30761 200 0 0
23000 200 0 0
29308 200 0 0
7491 200 0 0
24994 200 0 0
28452 200 0 0
30039 200 0 0
29868 200 0 0
18082 200 0 0
19104 200 0 0
12860 200 0 0
8939 200 0 0
7236 200 0 0
6502 200 0 0
2336 200 0 0
19429 200 0 0
14262 200 0 0
33158 200 0 0
10444 200 0 0
27957 200 0 0
16315 200 0 0
22403 200 0 0
26714 200 0 0
15272 200 0 0
28201 200 0 0
9173 200 0 0
28860 200 0 0
20671 200 0 0
8554 200 0 0
30824 200 0 0
13879 200 0 0
10287 200 0 0
15870 200 0 0
5658 200 0 0
16866 200 0 0
28002 200 0 0
24565 200 0 0
25151 200 0 0
19241 200 0 0
6388 200 0 0
23671 200 0 0
11294 200 0 0
8526 200 0 0
24121 200 0 0
4927 200 0 0
17011 200 0 0
25829 200 0 0
26804 200 0 0
4121 200 0 0
22765 200 0 0
4438 200 0 0
27039 200 0 0
31849 200 0 0
15791 200 0 0
22109 200 0 0
30057 200 0 0
24741 200 0 0
24273 200 0 0
16779 200 0 0
12593 200 0 0
13784 200 0 0
8158 200 0 0
14276 200 0 0
20557 200 0 0
18207 200 0 0
32598 200 0 0
16065 200 0 0
25031 200 0 0
25390 200 0 0
3116 200 0 0
5773 200 0 0
28124 200 0 0
24010 200 0 0
11079 200 0 0
8970 200 0 0
25470 200 0 0
24911 200 0 0
11523 200 0 0
9579 200 0 0
21970 200 0 0
4137 200 0 0
12975 200 0 0
17849 200 0 0
2481 200 0 0
30301 200 0 0
25614 200 0 0
27729 200 0 0
21288 200 0 0
19199 200 0 0
29912 200 0 0
27491 200 0 0
17146 200 0 0
33211 200 0 0
31288 200 0 0
30834 200 0 0
9242 200 0 0
11342 200 0 0
4174 200 0 0
30169 200 0 0
18740 200 0 0
11276 200 0 0
20397 200 0 0
3138 200 0 0
10788 200 0 0
13147 200 0 0
4828 200 0 0
5166 200 0 0
20859 200 0 0
5940 200 0 0
3030 200 0 0
20338 200 0 0
6655 200 0 0
28839 200 0 0
10636 200 0 0
29366 200 0 0
15401 200 0 0
3669 200 0 0
19808 200 0 0
32503 200 0 0
11175 200 0 0
13814 200 0 0
20650 200 0 0
27396 200 0 0
17626 200 0 0
13779 200 0 0
23093 200 0 0
7426 200 0 0
19031 200 0 0
17995 200 0 0
961 200 1 0
13290 200 0 0
12904 200 0 0
15184 200 0 0
20353 200 0 0
8456 200 0 0
17546 200 0 0
1512 200 0 0
28059 200 0 0
4476 200 0 0
1775 200 0 0
1455 200 1 0
20909 200 0 0
10171 200 0 0
31739 200 0 0
10834 200 0 0
6213 200 0 0
1292 200 1 0
12233 200 0 0
25875 200 0 0
15462 200 0 0
8973 200 0 0
5541 200 0 0
27210 200 0 0
7432 200 0 0
32046 200 0 0
13713 200 0 0
17120 200 0 0
21142 200 0 0
2611 200 0 0
10691 200 0 0
11732 200 0 0
21615 200 0 0
1461 200 1 0
27683 200 0 0
20920 200 0 0
28264 200 0 0
2463 200 0 0
29648 200 0 0
15923 200 0 0
1607 200 0 0
30643 200 0 0
8858 200 0 0
15743 200 0 0
12615 200 0 0
13060 200 0 0
20841 290 0 0
29219 290 0 0
32784 290 0 0
29262 290 0 0
3296 290 0 0
10575 290 0 0
11071 290 0 0
31718 290 0 0
32115 290 0 0
17335 290 0 0
4539 290 0 0
13315 290 0 0
23981 290 0 0
17068 290 0 0
21457 290 0 0
20839 290 0 0
28542 290 0 0
4930 290 0 0
21236 290 0 0
27225 290 0 0
21435 290 0 0
14804 290 0 0
4411 290 0 0
26660 290 0 0
29083 290 0 0
3454 290 0 0
8413 290 0 0
2710 290 0 0
28218 290 0 0
928 290 1 0
9146 290 0 0
31619 290 0 0
13336 290 0 0
2911 290 0 0
23252 290 0 0
29250 290 0 0
2712 290 0 0
31013 290 0 0
17872 290 0 0
26413 290 0 0
15748 290 0 0
33311 290 0 0
21112 290 0 0
22306 290 0 0
21637 290 0 0
18364 290 0 0
7225 290 0 0
5894 290 0 0
23214 290 0 0
29490 290 0 0
15271 290 0 0
14143 290 0 0
13808 290 0 0
24827 290 0 0
9718 290 0 0
30520 290 0 0
3749 290 0 0
23634 290 0 0
7297 290 0 0
18656 290 0 0
18184 290 0 0
27320 290 0 0
11334 290 0 0
25641 290 0 0
33464 290 0 0
10099 290 0 0
15718 290 0 0
27274 290 0 0
15931 290 0 0
12044 290 0 0
12967 290 0 0
6783 290 0 0
30327 290 0 0
6863 290 0 0
6387 290 0 0
4870 290 0 0
24633 290 0 0
3149 290 0 0
26328 290 0 0
10018 290 0 0
12208 290 0 0
18650 290 0 0
19464 290 0 0
16730 290 0 0
28656 290 0 0
25873 290 0 0
4313 290 0 0
22329 290 0 0
27249 290 0 0
32846 290 0 0
1476 290 1 0
27853 290 0 0
7824 290 0 0
4145 290 0 0
33512 290 0 0
10282 290 0 0
18699 290 0 0
15392 290 0 0
30598 290 0 0
29927 290 0 0
31624 290 0 0
18627 290 0 0
2436 290 0 0
14238 290 0 0
17420 290 0 0
4999 290 0 0
17644 290 0 0
4462 290 0 0
25734 290 0 0
7709 290 0 0
23405 290 0 0
13178 290 0 0
6724 290 0 0
10747 290 0 0
29655 290 0 0
17001 290 0 0
30074 290 0 0
25560 290 0 0
2465 290 0 0
18918 290 0 0
16576 290 0 0
7986 290 0 0
23653 290 0 0
16415 290 0 0
30866 290 0 0
8650 290 0 0
28512 290 0 0
6472 290 0 0
21201 290 0 0
32548 290 0 0
6388 290 0 0
27416 290 0 0
22079 290 0 0
1034 290 1 0
8744 290 0 0
8265 290 0 0
33284 290 0 0
12808 290 0 0
30244 290 0 0
15386 290 0 0
1326 290 1 0
19183 290 0 0
25016 290 0 0
11726 290 0 0
1578 290 0 0
27732 290 0 0
25301 290 0 0
13356 290 0 0
31310 290 0 0
15119 290 0 0
2064 290 0 0
20735 290 0 0
3409 290 0 0
7871 290 0 0
24612 290 0 0
19605 290 0 0
6351 290 0 0
3395 290 0 0
31086 290 0 0
18754 290 0 0
11208 290 0 0
26177 290 0 0
29041 290 0 0
26333 290 0 0
8736 290 0 0
24225 290 0 0
5201 290 0 0
30272 290 0 0
19486 290 0 0
31760 290 0 0
3162 290 0 0
15562 290 0 0
9711 290 0 0
8320 290 0 0
8569 290 0 0
18398 290 0 0
7971 290 0 0
9636 290 0 0
2240 290 0 0
20579 290 0 0
29228 290 0 0
2167 290 0 0
17381 290 0 0
11844 290 0 0
3044 290 0 0
9396 290 0 0
4289 290 0 0
23536 290 0 0
33542 290 0 0
32861 290 0 0
26834 290 0 0
2521 290 0 0
8114 290 0 0
10038 290 0 0
4283 290 0 0
16886 290 0 0
29419 290 0 0
5705 290 0 0
14273 290 0 0
6979 290 0 0
32283 290 0 0
14178 290 0 0
10063 290 0 0
32062 290 0 0
27275 290 0 0
27794 290 0 0
33393 290 0 0
29547 290 0 0
20718 290 0 0
11182 290 0 0
5466 290 0 0
4303 290 0 0
4309 290 0 0
10702 290 0 0
13536 290 0 0
25462 290 0 0
14394 290 0 0
5841 290 0 0
11772 290 0 0
30702 290 0 0
31479 290 0 0
26838 290 0 0
17741 290 0 0
27851 290 0 0
14926 290 0 0
14275 290 0 0
18068 290 0 0
5668 290 0 0
7265 290 0 0
10432 290 0 0
9272 290 0 0
12563 290 0 0
13241 290 0 0
27067 290 0 0
9921 290 0 0
10039 290 0 0
14018 290 0 0
15587 290 0 0
11359 290 0 0
25139 290 0 0
18251 290 0 0
5167 290 0 0
30818 290 0 0
12079 290 0 0
18952 290 0 0
15574 290 0 0
4801 290 0 0
12883 290 0 0
19985 290 0 0
6871 290 0 0
14230 290 0 0
27217 290 0 0
1123 290 1 0
29808 290 0 0
22174 290 0 0
17370 290 0 0
18268 290 0 0
19881 290 0 0
8892 290 0 0
15654 290 0 0
12865 290 0 0
21449 290 0 0
12660 290 0 0
6511 290 0 0
18618 290 0 0
22748 290 0 0
10866 290 0 0
9332 290 0 0
11858 290 0 0
24374 290 0 0
1795 290 0 0
1528 290 0 0
28154 290 0 0
13545 290 0 0
24985 290 0 0
9539 290 0 0
20869 290 0 0
8015 290 0 0
21833 290 0 0
7326 290 0 0
18731 290 0 0
5764 290 0 0
27982 290 0 0
15576 290 0 0
25353 290 0 0
4331 290 0 0
9349 290 0 0
8390 290 0 0
21149 290 0 0
24231 290 0 0
29937 290 0 0
20668 290 0 0
2124 290 0 0
5409 290 0 0
30519 290 0 0
30231 290 0 0
22749 290 0 0
2694 290 0 0
4641 290 0 0
7861 290 0 0
13565 290 0 0
24904 290 0 0
14877 290 0 0
4218 290 0 0
28860 290 0 0
9115 290 0 0
16573 290 0 0
11467 290 0 0
6925 290 0 0
28407 290 0 0
13367 290 0 0
25620 290 0 0
25927 290 0 0
12186 290 0 0
20196 290 0 0
14660 290 0 0
6824 290 0 0
27653 290 0 0
30403 290 0 0
21837 290 0 0
10191 290 0 0
8317 290 0 0
19701 290 0 0
10919 290 0 0
12864 290 0 0
10889 290 0 0
19776 290 0 0
10444 290 0 0
16354 290 0 0
17528 290 0 0
32143 290 0 0
32699 290 0 0
28290 290 0 0
4315 290 0 0
11630 290 0 0
29559 290 0 0
15184 290 0 0
13829 290 0 0
17808 290 0 0
16263 290 0 0
23134 290 0 0
2448 290 0 0
10059 290 0 0
2678 290 0 0
7718 290 0 0
19417 290 0 0
7193 290 0 0
26963 290 0 0
28419 290 0 0
29568 290 0 0
21783 290 0 0
29489 290 0 0
21172 290 0 0
2283 290 0 0
31367 290 0 0
25765 290 0 0
991 290 1 0
4546 290 0 0
19279 290 0 0
21324 290 0 0
6538 290 0 0
3187 290 0 0
19578 290 0 0
28997 290 0 0
16034 290 0 0
31661 290 0 0
2229 290 0 0
24753 290 0 0
31094 290 0 0
33255 290 0 0
24529 290 0 0
5944 290 0 0
826 290 1 0
3289 290 0 0
26181 290 0 0
20869 290 0 0
12167 290 0 0
4351 290 0 0
21675 290 0 0
5831 290 0 0
25559 290 0 0
21787 290 0 0
1857 290 0 0
19504 290 0 0
7948 290 0 0
19889 290 0 0
3431 290 0 0
22648 290 0 0
4328 290 0 0
2187 290 0 0
18725 290 0 0
22361 290 0 0
16788 290 0 0
10293 290 0 0
7844 290 0 0
23827 290 0 0
18715 290 0 0
28545 290 0 0
13234 290 0 0
18919 290 0 0
21114 380 0 0
30655 380 0 0
11108 380 0 0
28678 380 0 0
21789 380 0 0
16041 380 0 0
27874 380 0 0
4955 380 0 0
3154 380 0 0
8227 380 0 0
16925 380 0 0
23335 380 0 0
4083 380 0 0
13241 380 0 0
6572 380 0 0
1698 380 0 0
29107 380 0 0
23982 380 0 0
11959 380 0 0
18039 380 0 0
13972 380 0 0
19573 380 0 0
27263 380 0 0
25158 380 0 0
8304 380 0 0
17978 380 0 0
5588 380 0 0
11809 380 0 0
18291 380 0 0
18008 380 0 0
23199 380 0 0
20497 380 0 0
926 380 1 0
27362 380 0 0
5464 380 0 0
21905 380 0 0
9796 380 0 0
12829 380 0 0
30351 380 0 0
6415 380 0 0
909 380 1 0
2050 380 0 0
29797 380 0 0
30576 380 0 0
19448 380 0 0
9151 380 0 0
3089 380 0 0
21899 380 0 0
13779 380 0 0
13621 380 0 0
21342 380 0 0
30123 380 0 0
30403 380 0 0
25209 380 0 0
23082 380 0 0
7440 380 0 0
3393 380 0 0
5461 380 0 0
23527 380 0 0
2412 380 0 0
23065 380 0 0
6342 380 0 0
16667 380 0 0
13928 380 0 0
2538 380 0 0
1661 380 0 0
28898 380 0 0
29471 380 0 0
20139 380 0 0
1121 380 1 0
29289 380 0 0
18335 380 0 0
26915 380 0 0
21001 380 0 0
24178 380 0 0
10861 380 0 0
33390 380 0 0
9796 380 0 0
8405 380 0 0
1536 380 0 0
21884 380 0 0
23699 380 0 0
2555 380 0 0
3651 380 0 0
10387 380 0 0
29356 380 0 0
12386 380 0 0
26133 380 0 0
5835 380 0 0
22007 380 0 0
8735 380 0 0
5322 380 0 0
10639 380 0 0
33043 380 0 0
26197 380 0 0
19370 380 0 0
16928 380 0 0
26959 380 0 0
20161 380 0 0
31600 380 0 0
21268 380 0 0
15411 380 0 0
6448 380 0 0
14794 380 0 0
27089 380 0 0
27895 380 0 0
24836 380 0 0
30429 380 0 0
2068 380 0 0
4617 380 0 0
24757 380 0 0
33471 380 0 0
19823 380 0 0
4745 380 0 0
844 380 1 0
25341 380 0 0
28868 380 0 0
9166 380 0 0
17896 380 0 0
30742 380 0 0
2509 380 0 0
5857 380 0 0
26939 380 0 0
29436 380 0 0
10902 380 0 0
30207 380 0 0
29452 380 0 0
6807 380 0 0
18688 380 0 0
29209 380 0 0
32693 380 0 0
24900 380 0 0
30782 380 0 0
8277 380 0 0
25508 380 0 0
19024 380 0 0
29272 380 0 0
1932 380 0 0
7388 380 0 0
8064 380 0 0
29101 380 0 0
32204 380 0 0
5235 380 0 0
30346 380 0 0
23147 380 0 0
21974 380 0 0
12307 380 0 0
1691 380 0 0
13335 380 0 0
23711 380 0 0
13179 380 0 0
19921 380 0 0
29450 380 0 0
9938 380 0 0
29182 380 0 0
1729 380 0 0
4591 380 0 0
11850 380 0 0
20481 380 0 0
28144 380 0 0
31560 380 0 0
16281 380 0 0
5246 380 0 0
22363 380 0 0
17129 380 0 0
14214 380 0 0
2694 380 0 0
5105 380 0 0
12153 380 0 0
4233 380 0 0
29369 380 0 0
10006 380 0 0
5110 380 0 0
16463 380 0 0
17614 380 0 0
19489 380 0 0
31024 380 0 0
25914 380 0 0
16655 380 0 0
19420 380 0 0
5963 380 0 0
17376 380 0 0
20955 380 0 0
8712 380 0 0
7999 380 0 0
5258 380 0 0
15653 380 0 0
29400 380 0 0
21593 380 0 0
8372 380 0 0
9714 380 0 0
20596 380 0 0
30138 380 0 0
12433 380 0 0
24029 380 0 0
20598 380 0 0
30677 380 0 0
18566 380 0 0
1685 380 0 0
29038 380 0 0
3571 380 0 0
13996 380 0 0
859 380 1 0
20576 380 0 0
945 380 1 0
28753 380 0 0
14982 380 0 0
11842 380 0 0
26238 380 0 0
16246 380 0 0
9984 380 0 0
17792 380 0 0
32544 380 0 0
16464 380 0 0
14793 380 0 0
28539 380 0 0
6958 380 0 0
11977 380 0 0
2930 380 0 0
6660 380 0 0
9877 380 0 0
1022 380 1 0
23969 380 0 0
3299 380 0 0
5397 380 0 0
25536 380 0 0
27793 380 0 0
32596 380 0 0
7107 380 0 0
23062 380 0 0
4241 380 0 0
32134 380 0 0
14983 380 0 0
26807 380 0 0
12162 380 0 0
7708 380 0 0
5533 380 0 0
25747 380 0 0
32347 380 0 0
1967 380 0 0
7958 380 0 0
9033 380 0 0
4775 380 0 0
17992 380 0 0
4182 380 0 0
30895 380 0 0
17412 380 0 0
28904 380 0 0
13206 380 0 0
1104 380 1 0
23972 380 0 0
7938 380 0 0
32097 380 0 0
20199 380 0 0
8141 380 0 0
11773 380 0 0
30233 380 0 0
14311 380 0 0
4442 380 0 0
22197 380 0 0
29554 380 0 0
13045 380 0 0
8506 380 0 0
4857 380 0 0
8691 380 0 0
21866 380 0 0
6126 380 0 0
21260 380 0 0
24186 380 0 0
13267 380 0 0
22798 380 0 0
807 380 1 0
24503 380 0 0
3955 380 0 0
29891 380 0 0
24819 380 0 0
12206 380 0 0
21438 380 0 0
2380 380 0 0
8465 380 0 0
30007 380 0 0
25565 380 0 0
29819 380 0 0
25748 380 0 0
3455 380 0 0
14383 380 0 0
21814 380 0 0
32387 380 0 0
30087 380 0 0
19396 380 0 0
23801 380 0 0
2394 380 0 0
930 380 1 0
23011 380 0 0
29009 380 0 0
19591 380 0 0
28921 380 0 0
27523 380 0 0
7520 380 0 0
29168 380 0 0
13065 380 0 0
13523 380 0 0
21342 380 0 0
2922 380 0 0
9505 380 0 0
17076 380 0 0
32276 380 0 0
26689 380 0 0
33254 380 0 0
30779 380 0 0
25185 380 0 0
15029 380 0 0
11473 380 0 0
23602 380 0 0
20663 380 0 0
3449 380 0 0
19374 380 0 0
13975 380 0 0
9885 380 0 0
2356 380 0 0
12317 380 0 0
32281 380 0 0
8236 380 0 0
2561 380 0 0
4371 380 0 0
5536 380 0 0
31124 380 0 0
1265 380 1 0
5208 380 0 0
22980 380 0 0
24727 380 0 0
15750 380 0 0
10248 380 0 0
32338 380 0 0
13835 380 0 0
19256 380 0 0
11284 380 0 0
15308 380 0 0
8026 380 0 0
28402 380 0 0
27584 380 0 0
19688 380 0 0
26627 380 0 0
14484 380 0 0
26405 380 0 0
15375 380 0 0
13081 380 0 0
31857 380 0 0
27823 380 0 0
32989 380 0 0
31937 380 0 0
6352 380 0 0
33437 380 0 0
28069 380 0 0
27573 380 0 0
2924 380 0 0
8326 380 0 0
27884 380 0 0
29382 380 0 0
22262 380 0 0
14544 380 0 0
3820 380 0 0
16979 380 0 0
14480 380 0 0
4665 380 0 0
26384 380 0 0
2517 380 0 0
11602 380 0 0
29009 380 0 0
14716 380 0 0
2390 380 0 0
18375 380 0 0
4604 380 0 0
30852 380 0 0
29427 380 0 0
21871 380 0 0
28914 380 0 0
4658 380 0 0
7264 380 0 0
21564 380 0 0
25920 380 0 0
3523 380 0 0
32866 380 0 0
14359 380 0 0
2503 380 0 0
31017 380 0 0
4180 380 0 0
32858 380 0 0
30394 380 0 0
9864 380 0 0
21924 380 0 0
7510 380 0 0
19234 380 0 0
14779 380 0 0
25429 380 0 0
9677 380 0 0
1627 380 0 0
1486 380 1 0
6013 380 0 0
23671 380 0 0
23432 470 0 0
20928 470 0 0
19437 470 0 0
25175 470 0 0
27655 470 0 0
17209 470 0 0
32212 470 0 0
2940 470 0 0
29478 470 0 0
10298 470 0 0
13209 470 0 0
18223 470 0 0
21202 470 0 0
26520 470 0 0
13049 470 0 0
11594 470 0 0
20344 470 0 0
21008 470 0 0
11252 470 0 0
20810 470 0 0
9099 470 0 0
10691 470 0 0
5200 470 0 0
20945 470 0 0
8963 470 0 0
14771 470 0 0
4885 470 0 0
30758 470 0 0
28379 470 0 0
32072 470 0 0
31760 470 0 0
26546 470 0 0
14480 470 0 0
22480 470 0 0
23379 470 0 0
23938 470 0 0
5543 470 0 0
23544 470 0 0
4273 470 0 0
32714 470 0 0
25382 470 0 0
9046 470 0 0
31557 470 0 0
15710 470 0 0
14615 470 0 0
13793 470 0 0
13546 470 0 0
15673 470 0 0
28170 470 0 0
33142 470 0 0
24002 470 0 0
24057 470 0 0
10898 470 0 0
24915 470 0 0
30641 470 0 0
17758 470 0 0
3269 470 0 0
13724 470 0 0
20961 470 0 0
32720 470 0 0
23487 470 0 0
2779 470 0 0
1086 470 1 0
12248 470 0 0
19229 470 0 0
20858 470 0 0
31481 470 0 0
19876 470 0 0
20100 470 0 0
9545 470 0 0
4615 470 0 0
30342 470 0 0
32026 470 0 0
9469 470 0 0
16545 470 0 0
19572 470 0 0
1289 470 1 0
22957 470 0 0
21699 470 0 0
25991 470 0 0
12033 470 0 0
11861 470 0 0
16048 470 0 0
19326 470 0 0
29109 470 0 0
30549 470 0 0
27755 470 0 0
2874 470 0 0
5467 470 0 0
2544 470 0 0
13629 470 0 0
21569 470 0 0
26415 470 0 0
25552 470 0 0
21811 470 0 0
10301 470 0 0
31982 470 0 0
25215 470 0 0
30879 470 0 0
6780 470 0 0
2141 470 0 0
2797 470 0 0
22420 470 0 0
8048 470 0 0
15042 470 0 0
24814 470 0 0
24941 470 0 0
27695 470 0 0
14439 470 0 0
20155 470 0 0
30789 470 0 0
26099 470 0 0
7196 470 0 0
7279 470 0 0
15486 470 0 0
8601 470 0 0
2740 470 0 0
30601 470 0 0
26684 470 0 0
29475 470 0 0
22149 470 0 0
2671 470 0 0
15081 470 0 0
3384 470 0 0
13035 470 0 0
9191 470 0 0
29873 470 0 0
12448 470 0 0
30659 470 0 0
28317 470 0 0
25093 470 0 0
27595 470 0 0
29938 470 0 0
14498 470 0 0
30490 470 0 0
27209 470 0 0
21982 470 0 0
19178 470 0 0
31593 470 0 0
21585 470 0 0
5361 470 0 0
20683 470 0 0
17711 470 0 0
15933 470 0 0
32540 470 0 0
20355 470 0 0
1261 470 1 0
10250 470 0 0
18255 470 0 0
11696 470 0 0
8422 470 0 0
3291 470 0 0
10756 470 0 0
19159 470 0 0
8358 470 0 0
33397 470 0 0
8371 470 0 0
9952 470 0 0
10359 470 0 0
26817 470 0 0
9565 470 0 0
6550 470 0 0
1260 470 1 0
10575 470 0 0
1540 470 0 0
6698 470 0 0
18009 470 0 0
1744 470 0 0
18478 470 0 0
5807 470 0 0
27734 470 0 0
31897 470 0 0
7272 470 0 0
23454 470 0 0
8513 470 0 0
11813 470 0 0
25023 470 0 0
2897 470 0 0
1467 470 1 0
26258 470 0 0
14663 470 0 0
9609 470 0 0
3113 470 0 0
10273 470 0 0
10646 470 0 0
7914 470 0 0
25651 470 0 0
19384 470 0 0
21064 470 0 0
2172 470 0 0
30278 470 0 0
12385 470 0 0
12155 470 0 0
18218 470 0 0
28435 470 0 0
31434 470 0 0
27986 470 0 0
23364 470 0 0
23311 470 0 0
25797 470 0 0
19315 470 0 0
14335 470 0 0
20979 470 0 0
7368 470 0 0
4235 470 0 0
10994 470 0 0
12860 470 0 0
13676 470 0 0
3527 470 0 0
21401 470 0 0
27818 470 0 0
9456 470 0 0
12891 470 0 0
10964 470 0 0
24515 470 0 0
21685 470 0 0
12029 470 0 0
6759 470 0 0
17232 470 0 0
16577 470 0 0
10601 470 0 0
9337 470 0 0
9180 470 0 0
10047 470 0 0
32733 470 0 0
6935 470 0 0
28218 470 0 0
18427 470 0 0
7324 470 0 0
26545 470 0 0
2814 470 0 0
13289 470 0 0
22892 470 0 0
25241 470 0 0
2560 470 0 0
11421 470 0 0
29466 470 0 0
14985 470 0 0
24031 470 0 0
5073 470 0 0
3315 470 0 0
27676 470 0 0
10106 470 0 0
27364 470 0 0
17483 470 0 0
18770 470 0 0
4470 470 0 0
25176 470 0 0
21496 470 0 0
4366 470 0 0
15293 470 0 0
31057 470 0 0
18390 470 0 0
5786 470 0 0
14075 470 0 0
11547 470 0 0
16451 470 0 0
31007 470 0 0
4129 470 0 0
14499 470 0 0
17826 470 0 0
27439 470 0 0
27621 470 0 0
25594 470 0 0
11226 470 0 0
2622 470 0 0
12862 470 0 0
25559 470 0 0
1493 470 1 0
17954 470 0 0
18922 470 0 0
18708 470 0 0
10500 470 0 0
22681 470 0 0
25577 470 0 0
32815 470 0 0
16600 470 0 0
19650 470 0 0
22273 470 0 0
24776 470 0 0
29256 470 0 0
5792 470 0 0
2874 470 0 0
19751 470 0 0
3920 470 0 0
15004 470 0 0
30050 470 0 0
25013 470 0 0
23149 470 0 0
1281 470 1 0
8841 470 0 0
13440 470 0 0
23076 470 0 0
20864 470 0 0
21380 470 0 0
9402 470 0 0
15483 470 0 0
25260 470 0 0
10347 470 0 0
14905 470 0 0
19069 470 0 0
18814 470 0 0
23581 470 0 0
5366 470 0 0
27576 470 0 0
23760 470 0 0
4025 470 0 0
27791 470 0 0
14784 470 0 0
16612 470 0 0
9764 470 0 0
8135 470 0 0
9132 470 0 0
32476 470 0 0
12168 470 0 0
21508 470 0 0
8597 470 0 0
11328 470 0 0
25809 470 0 0
9422 470 0 0
30748 470 0 0
8830 470 0 0
13105 470 0 0
25428 470 0 0
3043 470 0 0
18019 470 0 0
22427 470 0 0
26088 470 0 0
17681 470 0 0
24485 470 0 0
2633 470 0 0
26496 470 0 0
33489 470 0 0
32860 470 0 0
14904 470 0 0
30517 470 0 0
7889 470 0 0
31874 470 0 0
22697 470 0 0
30662 470 0 0
32965 470 0 0
29048 470 0 0
13472 470 0 0
12053 470 0 0
16867 470 0 0
23938 470 0 0
26214 470 0 0
26022 470 0 0
24679 470 0 0
18247 470 0 0
19209 470 0 0
5669 470 0 0
33551 470 0 0
30036 470 0 0
4057 470 0 0
11486 470 0 0
19614 470 0 0
13721 470 0 0
19947 470 0 0
22341 470 0 0
16219 470 0 0
13545 470 0 0
13719 470 0 0
25454 470 0 0
12433 470 0 0
26235 470 0 0
18940 470 0 0
12179 470 0 0
19470 470 0 0
31597 470 0 0
11385 470 0 0
10644 470 0 0
10150 470 0 0
27198 470 0 0
30772 470 0 0
24176 470 0 0
26288 470 0 0
1618 470 0 0
11669 470 0 0
6607 470 0 0
28037 470 0 0
10096 470 0 0
11721 470 0 0
5498 470 0 0
9478 470 0 0
24901 470 0 0
17985 470 0 0
14559 470 0 0
19989 470 0 0
19168 470 0 0
19507 470 0 0
26767 470 0 0
25881 470 0 0
22070 470 0 0
18454 470 0 0
26050 470 0 0
5501 470 0 0
14238 470 0 0
12584 470 0 0
15824 470 0 0
